(1, [75], 15.086026906967163) 
(1, [79], 17.13853096961975) 
(1, [75], 19.188030004501343) 
(1, [64], 24.066499948501587) 
(1, [43], 23.497326850891113) 
(1, [25], 27.459373235702515) 
(1, [63], 15.24999189376831) 
(1, [71], 12.12251353263855) 
(1, [59], 26.340121269226074) 
(1, [69], 18.774672269821167) 
(2, [87, 84], 20.046802043914795) 
(2, [30, 69], 24.980384588241577) 
(2, [44, 21], 15.792932748794556) 
(2, [85, 80], 20.191742658615112) 
(2, [24, 64], 39.72315979003906) 
(2, [63, 29], 25.730907917022705) 
(2, [41, 27], 27.748374223709106) 
(2, [67, 21], 18.572631120681763) 
(2, [58, 80], 18.978676319122314) 
(2, [55, 18], 20.74501943588257) 
(3, [60, 44, 42], 33.162041902542114) 
(3, [82, 52, 16], 30.810577630996704) 
(3, [26, 72, 91], 35.37829041481018) 
(3, [42, 40, 61], 30.710079193115234) 
(3, [86, 87, 61], 18.58675241470337) 
(3, [50, 71, 56], 25.65667700767517) 
(3, [22, 87, 85], 25.182454824447632) 
(3, [70, 43, 26], 22.52197504043579) 
(3, [58, 49, 57], 36.99021863937378) 
(3, [17, 19, 55], 56.767926931381226) 
(4, [18, 42, 47, 78], 68.3912410736084) 
(4, [83, 35, 84, 32], 40.13214445114136) 
(4, [51, 58, 78, 78], 52.27061128616333) 
(4, [72, 88, 32, 22], 35.88528370857239) 
(4, [45, 56, 26, 65], 30.41519784927368) 
(4, [75, 91, 15, 74], 32.10104322433472) 
(4, [93, 25, 86, 75], 30.894045114517212) 
(4, [55, 79, 63, 32], 41.59181356430054) 
(4, [43, 68, 80, 18], 66.90913510322571) 
(4, [41, 61, 35, 23], 38.516607999801636) 
