(1, [61], 15.010701656341553) 
(1, [78], 15.474451303482056) 
(1, [26], 18.45843744277954) 
(1, [55], 20.21793270111084) 
(1, [53], 10.716403722763062) 
(1, [23], 16.843939781188965) 
(1, [51], 13.100040435791016) 
(1, [66], 11.553762674331665) 
(1, [56], 14.960376739501953) 
(1, [85], 12.388526439666748) 
(2, [60, 29], 13.12674593925476) 
(2, [28, 26], 14.432026624679565) 
(2, [49, 37], 8.037464380264282) 
(2, [37, 44], 11.010673999786377) 
(2, [82, 74], 9.260729789733887) 
(2, [67, 49], 11.520011186599731) 
(2, [77, 94], 10.136667251586914) 
(2, [29, 44], 17.371042013168335) 
(2, [25, 45], 18.409777641296387) 
(2, [61, 85], 11.33087158203125) 
(3, [60, 74, 69], 7.655428171157837) 
(3, [29, 68, 94], 15.042037010192871) 
(3, [38, 24, 47], 13.659263372421265) 
(3, [59, 35, 77], 12.407043218612671) 
(3, [90, 56, 50], 13.940128326416016) 
(3, [60, 58, 45], 10.690262794494629) 
(3, [84, 73, 88], 9.69633173942566) 
(3, [30, 35, 18], 29.84583306312561) 
(3, [72, 26, 64], 16.12637734413147) 
(3, [81, 28, 45], 14.718368768692017) 
