(1, [89], 91.07596898078918) 
(1, [24], 96.71649861335754) 
(1, [77], 109.8747148513794) 
(1, [16], 80.22672581672668) 
(1, [66], 88.08224892616272) 
(1, [40], 85.56109404563904) 
(1, [25], 90.24371981620789) 
(1, [65], 103.96804881095886) 
(1, [54], 100.21411323547363) 
(1, [77], 118.21210145950317) 
(2, [73, 42], 156.26352834701538) 
(2, [88, 62], 118.16437196731567) 
(2, [37, 76], 177.27443742752075) 
(2, [27, 22], 134.59693932533264) 
(2, [50, 54], 103.07590055465698) 
(2, [82, 56], 110.01310729980469) 
(2, [78, 50], 130.88626623153687) 
(2, [48, 57], 120.21156597137451) 
(2, [76, 17], 139.14521598815918) 
(2, [83, 86], 150.80993604660034) 
(3, [43, 17, 63], 128.22702479362488) 
(3, [46, 56, 76], 154.93792247772217) 
(3, [78, 57, 67], 161.30867981910706) 
(3, [38, 74, 43], 212.32206439971924) 
(3, [23, 20, 37], 163.24708533287048) 
(3, [43, 40, 16], 204.161358833313) 
(3, [79, 72, 16], 186.58962202072144) 
(3, [68, 48, 75], 152.9862380027771) 
(3, [90, 40, 82], 131.6846833229065) 
(3, [79, 90, 89], 203.09735131263733) 
(4, [50, 58, 20, 93], 162.3550398349762) 
(4, [71, 60, 81, 35], 187.99073910713196) 
(4, [15, 63, 31, 44], 133.36678647994995) 
(4, [50, 58, 80, 89], 193.8248529434204) 
(4, [27, 31, 37, 18], 160.47178411483765) 
(4, [90, 25, 18, 69], 115.33034086227417) 
(4, [75, 87, 72, 89], '500') 
(4, [88, 81, 93, 35], 192.68214631080627) 
(4, [23, 57, 69, 88], 192.96854162216187) 
(4, [92, 83, 56, 82], 216.54163432121277) 
