(2, [8, 13], 20.533665418624878) 
(2, [8, 10], 13.654178857803345) 
(2, [14, 14], 29.4355251789093) 
(2, [10, 8], 28.475106716156006) 
(2, [10, 12], 19.759153366088867) 
(2, [11, 13], 37.568469762802124) 
(2, [8, 12], 27.479437828063965) 
(2, [11, 14], 17.513180255889893) 
(2, [11, 13], 28.042717218399048) 
(2, [11, 9], 32.74947476387024) 
(2, [9, 8], 25.17666268348694) 
(2, [11, 10], 31.179340600967407) 
(2, [11, 9], 14.758325338363647) 
(2, [13, 11], 34.21529197692871) 
(2, [10, 14], 36.18965697288513) 
(2, [12, 11], 24.88230562210083) 
(2, [10, 14], 32.387836933135986) 
(2, [13, 12], 26.995302438735962) 
(2, [11, 8], 40.23702788352966) 
(2, [9, 12], 37.61317539215088) 
(3, [8, 9, 9], 54.1498658657074) 
(3, [8, 8, 13], 22.45740032196045) 
(3, [8, 14, 11], 47.6686532497406) 
(3, [9, 11, 12], 37.08638334274292) 
(3, [11, 9, 12], 52.78982210159302) 
(3, [13, 11, 10], 54.94219374656677) 
(3, [11, 8, 11], 63.48673987388611) 
(3, [8, 13, 8], 77.71651029586792) 
(3, [13, 10, 12], 38.66939353942871) 
(3, [11, 13, 14], 46.8114869594574) 
(3, [14, 9, 13], 44.588399171829224) 
(3, [12, 11, 8], 35.02714824676514) 
(3, [11, 14, 8], 46.77045702934265) 
(3, [12, 13, 13], 40.55476427078247) 
(3, [12, 14, 13], 54.05733275413513) 
(3, [11, 9, 12], 46.07720375061035) 
(3, [13, 13, 8], 40.78336191177368) 
(3, [10, 12, 10], 71.06903266906738) 
(3, [12, 12, 9], 58.0191695690155) 
(3, [12, 12, 12], 52.685245990753174) 
(4, [8, 10, 12, 14], 52.99398946762085) 
(4, [12, 11, 11, 10], 62.664478063583374) 
(4, [8, 9, 8, 10], 80.38645434379578) 
(4, [14, 11, 10, 11], 40.160298347473145) 
(4, [12, 9, 10, 8], 77.50750494003296) 
(4, [10, 13, 12, 10], 79.50062489509583) 
(4, [14, 12, 11, 14], 68.42521023750305) 
(4, [12, 9, 14, 13], 68.38683557510376) 
(4, [14, 14, 13, 14], 37.725685119628906) 
(4, [11, 9, 9, 11], 49.41589379310608) 
(4, [14, 13, 14, 8], 53.32369804382324) 
(4, [10, 9, 8, 9], 53.426268339157104) 
(4, [10, 10, 8, 10], 31.9210205078125) 
(4, [8, 8, 13, 12], 42.51131772994995) 
(4, [13, 10, 9, 11], 76.88646268844604) 
(4, [8, 11, 8, 14], 35.66621422767639) 
(4, [13, 12, 14, 11], 39.31309199333191) 
(4, [12, 13, 10, 12], 54.230849742889404) 
(4, [11, 12, 11, 8], 91.94644093513489) 
(4, [9, 11, 13, 8], 75.06745195388794) 
